ret:1.4823598898150254
mtx:
[[751.73392551   0.         753.85550879]
 [  0.         753.8908959  732.11882348]
 [  0.           0.           1.        ]]
dist:
[[ 2.66051290e-02 -4.02412617e-02 -1.08492130e-05 -6.18321075e-04
   2.31064628e-02]]
rvecs:
[array([[ 0.08469289],
       [-0.04919196],
       [-0.06931988]]), array([[-0.07061534],
       [ 0.01319418],
       [ 1.57328413]]), array([[-0.05510481],
       [ 0.00985216],
       [ 1.52007677]]), array([[-0.05240434],
       [ 0.02200809],
       [ 1.52794378]]), array([[-0.11845257],
       [-0.03195022],
       [ 1.48317786]]), array([[-0.08848871],
       [ 0.03029299],
       [ 1.50745513]]), array([[-0.0565093 ],
       [-0.09490192],
       [-1.54123477]]), array([[-0.03612951],
       [ 0.05138722],
       [ 1.3649498 ]]), array([[-0.18118695],
       [ 0.04553772],
       [ 1.48427969]]), array([[-0.21945541],
       [-0.00698013],
       [ 1.56441458]]), array([[-0.02199607],
       [-0.0691681 ],
       [ 0.07880872]]), array([[-0.05251581],
       [-0.01889618],
       [-0.12382823]]), array([[ 0.0143149 ],
       [ 0.03418375],
       [-0.02816057]]), array([[0.08851652],
       [0.01176967],
       [0.03341701]]), array([[-0.08838452],
       [ 0.04324439],
       [ 1.50853925]]), array([[-0.06128861],
       [ 0.0331177 ],
       [ 1.45153884]]), array([[-0.08715045],
       [ 0.03326958],
       [ 1.57181867]]), array([[-0.00838832],
       [-0.11968723],
       [-1.48996008]])]
tvecs:
[array([[-3.09514004],
       [ 0.18670876],
       [ 4.47485243]]), array([[ 3.23667353],
       [-3.24314415],
       [ 5.18926104]]), array([[ 3.3708387 ],
       [-3.0086401 ],
       [ 5.35187082]]), array([[ 3.53174165],
       [-3.46344726],
       [ 5.87926511]]), array([[ 3.35322558],
       [-3.54808015],
       [ 5.82510984]]), array([[ 0.92875586],
       [-3.32385318],
       [ 5.51834826]]), array([[-2.73818437],
       [ 1.53637214],
       [ 4.87163806]]), array([[ 1.07279462],
       [-3.81362804],
       [ 5.34416567]]), array([[ 1.71272361],
       [-3.81875383],
       [ 5.40753981]]), array([[ 2.79899625],
       [-3.58065923],
       [ 5.72071193]]), array([[-2.85518892],
       [-1.16996074],
       [ 4.9807059 ]]), array([[-3.45322631],
       [-1.85520367],
       [ 5.21406718]]), array([[-3.09033683],
       [-0.31953944],
       [ 4.85063825]]), array([[-3.17631161],
       [ 0.29835526],
       [ 4.78633849]]), array([[ 2.23974981],
       [-3.38284235],
       [ 4.92264413]]), array([[ 0.80912261],
       [-3.42717833],
       [ 4.91687913]]), array([[ 2.49917388],
       [-3.62310186],
       [ 5.06040863]]), array([[-0.01493518],
       [ 1.54807508],
       [ 4.4346704 ]])]
