ret:1.2921950709741536
mtx:
[[711.71612643   0.         849.68478682]
 [  0.         712.4984464  645.89697782]
 [  0.           0.           1.        ]]
dist:
[[-0.04149497  0.12630008  0.00139573 -0.0027419  -0.23456415]]
rvecs:
(array([[-0.01332099],
       [ 0.07950113],
       [ 1.56995515]]), array([[-0.15666116],
       [-0.2554221 ],
       [-1.53671161]]), array([[-0.20644738],
       [ 0.11584069],
       [ 1.36736518]]), array([[-0.15719846],
       [-0.02354552],
       [-1.43972684]]), array([[-0.26970734],
       [ 0.08028594],
       [-1.39829891]]), array([[-0.01127375],
       [ 0.13933802],
       [ 1.54287862]]), array([[ 0.02310976],
       [-0.05019839],
       [ 1.48688439]]), array([[-0.13235338],
       [-0.03210426],
       [ 1.59282092]]), array([[-0.30957552],
       [-0.13720975],
       [ 1.59855512]]), array([[-0.16127315],
       [-0.23951898],
       [-1.54968332]]), array([[ 0.17426485],
       [-0.10966397],
       [ 1.50695007]]), array([[ 2.54321472e-01],
       [-2.24741498e-04],
       [ 1.36473454e+00]]), array([[-0.10211647],
       [-0.19599472],
       [ 1.44566803]]), array([[-0.14437307],
       [-0.00422988],
       [ 1.57802043]]), array([[-0.1366851],
       [ 0.2540886],
       [ 1.5542922]]))
tvecs:
(array([[ 1.75226384],
       [-3.13065179],
       [ 6.39078464]]), array([[-1.82653029],
       [ 1.52385809],
       [ 4.82543758]]), array([[ 1.48194302],
       [-3.1414807 ],
       [ 6.73728448]]), array([[-0.96626016],
       [ 1.04614206],
       [ 6.29601269]]), array([[-1.93254309],
       [ 1.34392378],
       [ 6.92828517]]), array([[ 0.9523906 ],
       [-2.32158912],
       [ 6.27455179]]), array([[ 2.4319046 ],
       [-3.0682915 ],
       [ 5.33008297]]), array([[ 2.45543895],
       [-3.08846106],
       [ 5.93554684]]), array([[ 3.2515667 ],
       [-2.79257508],
       [ 6.2156384 ]]), array([[-1.45555664],
       [ 1.50288025],
       [ 4.98284079]]), array([[ 0.83297162],
       [-2.39634072],
       [ 4.46572643]]), array([[ 0.25761327],
       [-2.16526627],
       [ 4.84461679]]), array([[ 1.64899295],
       [-2.5748906 ],
       [ 5.22966968]]), array([[ 0.96213085],
       [-3.23221689],
       [ 5.82035959]]), array([[ 0.23052709],
       [-3.02261886],
       [ 6.50228352]]))
