ret:0.8435934819546552
mtx:
[[2.22814246e+03 0.00000000e+00 8.66009438e+02]
 [0.00000000e+00 2.22770590e+03 6.62392340e+02]
 [0.00000000e+00 0.00000000e+00 1.00000000e+00]]
dist:
[[-1.92847000e-01  5.24483134e+00  2.39787664e-02  1.28361746e-03
  -3.63983265e+01]]
rvecs:
(array([[-0.17455189],
       [ 0.16918954],
       [ 1.55503622]]), array([[-0.30558459],
       [ 0.27026065],
       [ 1.51004079]]), array([[-0.3272765 ],
       [-0.30913934],
       [-1.52242035]]), array([[-0.32002692],
       [ 0.27681261],
       [ 1.51704029]]), array([[-0.22551251],
       [ 0.20762119],
       [ 1.49136753]]), array([[-0.2488349 ],
       [ 0.14088198],
       [ 1.49836052]]), array([[-0.21376793],
       [ 0.21591999],
       [ 1.48017547]]), array([[-0.24327661],
       [-0.22204402],
       [-1.47849743]]), array([[-0.2210195 ],
       [-0.19272702],
       [-1.55108383]]), array([[-0.33408509],
       [ 0.17882406],
       [ 1.48194579]]), array([[-0.03311362],
       [ 0.5627619 ],
       [ 1.59891389]]), array([[-0.08849008],
       [ 0.23918435],
       [ 1.58234601]]), array([[0.02060578],
       [0.40098679],
       [1.27683999]]), array([[-0.33102865],
       [ 0.02749642],
       [ 1.37910739]]), array([[-0.28778757],
       [ 0.25723612],
       [ 0.66361874]]), array([[-0.35863166],
       [ 0.21767698],
       [ 1.35972886]]), array([[-0.32111499],
       [ 0.32305364],
       [ 1.50611888]]), array([[0.06760543],
       [0.13699052],
       [1.58073716]]))
tvecs:
(array([[ 1.53535939],
       [-2.93298344],
       [14.82940823]]), array([[ 0.65921161],
       [-3.31040166],
       [14.93360933]]), array([[-2.27774848],
       [ 1.43148497],
       [13.09958438]]), array([[ 0.11504176],
       [-2.89864008],
       [15.49177446]]), array([[ 0.56148688],
       [-2.84499467],
       [16.12928655]]), array([[ 1.36973801],
       [-3.03737807],
       [15.77394174]]), array([[ 0.69771616],
       [-2.72373374],
       [15.08104398]]), array([[-1.90177399],
       [ 2.04275187],
       [13.5478202 ]]), array([[-1.79180421],
       [ 1.50881549],
       [13.81570321]]), array([[ 0.28580206],
       [-2.36937114],
       [15.01204103]]), array([[ 0.14087512],
       [-3.46983688],
       [14.46484402]]), array([[ 1.28467983],
       [-3.22459556],
       [15.82061556]]), array([[-1.25115366],
       [-3.09945482],
       [14.99418738]]), array([[ 1.59616784],
       [-3.17204379],
       [14.36748863]]), array([[-1.80635528],
       [-3.21822484],
       [14.5283854 ]]), array([[ 0.55077681],
       [-3.29099621],
       [14.94431881]]), array([[ 1.08318782],
       [-2.81074393],
       [15.40920462]]), array([[ 0.70263188],
       [-2.68867622],
       [17.28779375]]))
